<!DOCTYPE html>
<html>
<head>
<meta charset="utf-8"/>
<script src="lib/htmlwidgets-0.6/htmlwidgets.js"></script>
<script src="lib/d3-3.5.3/./d3.min.js"></script>
<link href="lib/d3heatmapcore-0.0.0/heatmapcore.css" rel="stylesheet" />
<script src="lib/d3heatmapcore-0.0.0/heatmapcore.js"></script>
<script src="lib/d3-tip-0.6.6/index.js"></script>
<script src="lib/d3heatmap-binding-0.6.1.1/d3heatmap.js"></script>

</head>
<body style="background-color:white;">
<div id="htmlwidget_container">
  <div id="htmlwidget-679" style="width:960px;height:500px;" class="d3heatmap html-widget"></div>
</div>
<script type="application/json" data-for="htmlwidget-679">{"x":{"rows":{"members":11,"height":4.86864981224234,"edgePar":{"col":""},"children":[{"members":5,"height":1.72869016327482,"edgePar":{"col":"#CC476B"},"children":[{"members":2,"height":0.940274153091505,"edgePar":{"col":"#CC476B"},"children":[{"members":1,"height":0,"label":"carb","edgePar":{"col":"#CC476B"}},{"members":1,"height":0,"label":"hp","edgePar":{"col":"#CC476B"}}]},{"members":3,"height":0.641331310892084,"edgePar":{"col":"#CC476B"},"children":[{"members":2,"height":0.305222010644009,"edgePar":{"col":"#CC476B"},"children":[{"members":1,"height":0,"label":"disp","edgePar":{"col":"#CC476B"}},{"members":1,"height":0,"label":"cyl","edgePar":{"col":"#CC476B"}}]},{"members":1,"height":0,"label":"wt","edgePar":{"col":"#CC476B"}}]}]},{"members":6,"height":2.45965010432848,"edgePar":{"col":""},"children":[{"members":3,"height":0.834087539790557,"edgePar":{"col":"#228B00"},"children":[{"members":2,"height":0.419273120041896,"edgePar":{"col":"#228B00"},"children":[{"members":1,"height":0,"label":"gear","edgePar":{"col":"#228B00"}},{"members":1,"height":0,"label":"am","edgePar":{"col":"#228B00"}}]},{"members":1,"height":0,"label":"drat","edgePar":{"col":"#228B00"}}]},{"members":3,"height":1.71295823907121,"edgePar":{"col":"#0082CE"},"children":[{"members":2,"height":0.879112802535521,"edgePar":{"col":"#0082CE"},"children":[{"members":1,"height":0,"label":"mpg","edgePar":{"col":"#0082CE"}},{"members":1,"height":0,"label":"vs","edgePar":{"col":"#0082CE"}}]},{"members":1,"height":0,"label":"qsec","edgePar":{"col":"#0082CE"}}]}]}]},"cols":{"members":11,"height":4.86864981224234,"edgePar":{"col":""},"children":[{"members":5,"height":1.72869016327482,"edgePar":{"col":"#CC476B"},"children":[{"members":2,"height":0.940274153091505,"edgePar":{"col":"#CC476B"},"children":[{"members":1,"height":0,"label":"carb","edgePar":{"col":"#CC476B"}},{"members":1,"height":0,"label":"hp","edgePar":{"col":"#CC476B"}}]},{"members":3,"height":0.641331310892084,"edgePar":{"col":"#CC476B"},"children":[{"members":2,"height":0.305222010644009,"edgePar":{"col":"#CC476B"},"children":[{"members":1,"height":0,"label":"disp","edgePar":{"col":"#CC476B"}},{"members":1,"height":0,"label":"cyl","edgePar":{"col":"#CC476B"}}]},{"members":1,"height":0,"label":"wt","edgePar":{"col":"#CC476B"}}]}]},{"members":6,"height":2.45965010432848,"edgePar":{"col":""},"children":[{"members":3,"height":0.834087539790557,"edgePar":{"col":"#228B00"},"children":[{"members":2,"height":0.419273120041896,"edgePar":{"col":"#228B00"},"children":[{"members":1,"height":0,"label":"gear","edgePar":{"col":"#228B00"}},{"members":1,"height":0,"label":"am","edgePar":{"col":"#228B00"}}]},{"members":1,"height":0,"label":"drat","edgePar":{"col":"#228B00"}}]},{"members":3,"height":1.71295823907121,"edgePar":{"col":"#0082CE"},"children":[{"members":2,"height":0.879112802535521,"edgePar":{"col":"#0082CE"},"children":[{"members":1,"height":0,"label":"mpg","edgePar":{"col":"#0082CE"}},{"members":1,"height":0,"label":"vs","edgePar":{"col":"#0082CE"}}]},{"members":1,"height":0,"label":"qsec","edgePar":{"col":"#0082CE"}}]}]}]},"matrix":{"data":["1","0.75","0.395","0.527","0.428","0.274","0.058","-0.091","-0.551","-0.57","-0.656","0.75","1","0.791","0.832","0.659","-0.126","-0.243","-0.449","-0.776","-0.723","-0.708","0.395","0.791","1","0.902","0.888","-0.556","-0.591","-0.71","-0.848","-0.71","-0.434","0.527","0.832","0.902","1","0.782","-0.493","-0.523","-0.7","-0.852","-0.811","-0.591","0.428","0.659","0.888","0.782","1","-0.583","-0.692","-0.712","-0.868","-0.555","-0.175","0.274","-0.126","-0.556","-0.493","-0.583","1","0.794","0.7","0.48","0.206","-0.213","0.058","-0.243","-0.591","-0.523","-0.692","0.794","1","0.713","0.6","0.168","-0.23","-0.091","-0.449","-0.71","-0.7","-0.712","0.7","0.713","1","0.681","0.44","0.091","-0.551","-0.776","-0.848","-0.852","-0.868","0.48","0.6","0.681","1","0.664","0.419","-0.57","-0.723","-0.71","-0.811","-0.555","0.206","0.168","0.44","0.664","1","0.745","-0.656","-0.708","-0.434","-0.591","-0.175","-0.213","-0.23","0.091","0.419","0.745","1"],"dim":[11,11],"rows":["carb","hp","disp","cyl","wt","gear","am","drat","mpg","vs","qsec"],"cols":["carb","hp","disp","cyl","wt","gear","am","drat","mpg","vs","qsec"]},"image":"data:image/png;base64,iVBORw0KGgoAAAANSUhEUgAAAAsAAAALCAYAAACprHcmAAABt0lEQVQYlS3Pb0sTcQDA8e/ubrO1c7NsyXITXDvcEJIgS2RPg0GUpA+qB0H4oLfg896AkPgkeraH/Xk82AMFodFIYntQeGua+9Nu6sW824jdzvv1oN7B5+O7fXdbaKsZ1p8soLfPSUypzEdVtHAJ0dExN/J4owusZh9FW81Q+/idLXvI0HZIL06zkt1DfG0w3DmgumsSUUGRwVc4MsXW2zK/ioeMz07g88u8F69xBg4nuk2tLtBu+sg805D09jlD22F8dgL7qEc4eYXgZJBQNIQsgfCg3QVz30BKTKmkF6fx+WXiuRStwg+stkXrs4HrgTuCe7lJbrx6hDIfVVnJ7mEW3hHsBbESFg+aL4g9TBKLR8guzeDNBRCVTSQtXIKfDZyBg/vH5XfNInY/Sad4iOt61Fs9xqQ+uCMk0dEZ7hxwots0SgaOC7F4hFvPF6jmK5x2BxSPQ3jLayjmRp7qrol5KhD/jdmlGeqtHpde3qH85guKXyIgp1C80QURFa6GfbS7/zLeXICxzGWKx1EUv8Sn7TJnRh/FavZRZEg/1bi+b3BtI4eobII74vHyGgE5xZnRR//wjb+e8sBIbYJcBQAAAABJRU5ErkJggg==","theme":null,"options":{"xaxis_height":80,"yaxis_width":120,"xaxis_font_size":null,"yaxis_font_size":null,"brush_color":"#0000FF","show_grid":true,"anim_duration":500}},"evals":[],"jsHooks":[]}</script>
<script type="application/htmlwidget-sizing" data-for="htmlwidget-679">{"viewer":{"width":450,"height":350,"padding":15,"fill":true},"browser":{"width":960,"height":500,"padding":40,"fill":true}}</script>
</body>
</html>
